5983532,3547005,1
3069738,3547005,1
154621,599028,1
119062,230188,1
214137,1154103,1
199616,645917,1
3069738,599028,1
3127356,1154103,1
3112835,645917,1
5983532,599028,1
6036124,1154103,1
6026629,645917,1
8073403,3620158,13
5159611,672179,13
2244493,672179,13
8073405,672179,13
6026629,3589275,1
3112835,3589275,1
199616,1661556,25
3112835,1661556,25
6026629,1661556,25
3112835,4634912,25
6026629,4634912,25
5159611,3620158,13
154621,3546475,1
269389,4063450,1
254867,3555263,1
254867,4634912,25
2244493,3619627,13
119062,6435725,1