8545513,6435725,1
119062,230188,1
119062,1117600,1
119062,1460500,1
119062,1803400,1
119062,2146300,1
119062,2492375,1
119062,2835275,1
119062,3178175,1
119062,3522662,1
119062,3867150,1
119062,4210050,1
119062,4552950,1
119062,4897437,1
119062,5241925,1
119062,5584825,1
119062,5929312,1
1247775,1098550,9
5716587,568008,1
6152591,1131887,1
6152591,1303337,1
6152591,1476375,1
6152591,1647825,1
6152591,1820863,1
6152591,1993900,1
6152591,2163763,1
6152591,2336800,1
6152591,2508250,1
6152591,2681288,1
6152591,2854325,1
6152591,3025775,1
6152591,3197225,1
6152591,3368675,1
6152591,3541712,1
6152591,3714750,1
6152591,3886200,1
6152591,4059237,1
6152591,4230687,1
6152591,4402137,1
6152591,4575175,1
6152591,4745037,1
6152591,4919662,1
6152591,5092700,1
6152591,5262562,1
6152591,5435600,1
6152591,5608637,1
6152591,5780087,1
6152591,5953125,1
6152591,6124575,1
4322762,568008,1
3668712,568008,1
2809875,571500,1
1955800,571500,1
8089341,1131887,1
8089341,1303337,1
8089341,1476375,1
8089341,1647825,1
8089341,1820863,1
8089341,1993900,1
8089341,2163763,1
8089341,2336800,1
8089341,2508250,1
8089341,2681288,1
8089341,2854325,1
8089341,3025775,1
8089341,3197225,1
8089341,3368675,1
8089341,3541712,1
8089341,3714750,1
8089341,3886200,1
8089341,4059237,1
8089341,4230687,1
8089341,4402137,1
8089341,4575175,1
8089341,4745037,1
8089341,4919662,1
8089341,5092700,1
8089341,5262562,1
8089341,5435600,1
8089341,5608637,1
8089341,5780087,1
8089341,5953125,1
8089341,6124575,1
6894513,573087,1
7143191,1131887,1
7143191,1303337,1
7143191,1476375,1
7143191,1647825,1
7143191,1820863,1
7143191,1993900,1
7143191,2163763,1
7143191,2336800,1
7143191,2508250,1
7143191,2681288,1
7143191,2854325,1
7143191,3025775,1
7143191,3197225,1
7143191,3368675,1
7143191,3541712,1
7143191,3714750,1
7143191,3886200,1
7143191,4059237,1
7143191,4230687,1
7143191,4402137,1
7143191,4575175,1
7143191,4745037,1
7143191,4919662,1
7143191,5092700,1
7143191,5262562,1
7143191,5435600,1
7143191,5608637,1
7143191,5780087,1
7143191,5953125,1
7143191,6124575,1
153987,1131887,1
153987,1304925,1
153987,1476375,1
153987,1649413,1
153987,1820863,1
153987,1993900,1
153987,2165350,1
153987,2338388,1
153987,2509838,1
153987,2684463,1
153987,2855913,1
153987,3028950,1
153987,3200400,1
153987,3371850,1
153987,3544887,1
153987,3717925,1
153987,3889375,1
153987,4062412,1
153987,4233862,1
153987,4405312,1
153987,4576762,1
153987,4748212,1
153987,4921250,1
153987,5094287,1
153987,5265737,1
153987,5438775,1
153987,5610225,1
153987,5781675,1
153987,5953125,1
153987,6124575,1
4968875,571500,1
7497763,568008,1
1247775,815975,1
1498017,6137275,1
2293379,6137275,1
3142133,6137275,1
3939059,6137275,1
1498017,1131887,1
1498017,1303337,1
1490001,1476375,1
1490001,1649413,1
1498017,1820863,1
1498017,1993900,1
1498017,2166938,1
1498017,2339975,1
1498017,2511425,1
1493208,2684463,1
1498017,2857500,1
1498017,3028950,1
1498017,3201988,1
1498017,3375025,1
1498017,3548062,1
1498016,3719512,1
1498017,3892550,1
1494811,4065587,1
1499620,4238625,1
1498017,4410075,1
1498017,4583112,1
1493208,4756150,1
1555725,4927600,1
1493208,5100637,1
1555725,5273675,1
1493208,5446712,1
1498016,5618162,1
1498017,5791200,1
1498016,5964237,1
2235671,1131887,1
2293379,1303337,1
2235671,1476375,1
2293379,1649413,1
2235671,1820863,1
2293379,1993900,1
2235671,2166938,1
2235671,2339975,1
2235671,2511425,1
2293379,2684463,1
2235671,2857500,1
2235671,3028950,1
2235671,3201988,1
2235671,3375025,1
2235671,3548062,1
2235671,3719512,1
2235671,3892550,1
2293379,4065587,1
2293379,4238625,1
2235671,4410075,1
2235671,4583112,1
2235671,4756150,1
2235671,4927600,1
2293379,5100637,1
2235671,5273675,1
2235671,5446712,1
2235671,5618162,1
2235671,5791200,1
2235671,5964237,1
3142133,1131887,1
3142133,1303337,1
3142133,1476375,1
3142133,1649413,1
3142133,1820863,1
3142133,1993900,1
3142133,2166938,1
3142133,2339975,1
3142133,2511425,1
3142133,2684463,1
3142133,2857500,1
3142133,3028950,1
3142133,3201988,1
3142133,3375025,1
3142133,3548062,1
3142133,3719512,1
3142133,3892550,1
3142133,4065587,1
3142133,4238625,1
3142133,4410075,1
3142133,4583112,1
3142133,4756150,1
3142133,4927600,1
3142133,5100637,1
3142133,5273675,1
3142133,5446712,1
3142133,5618162,1
3142133,5791200,1
3142133,5964237,1
3939059,1131887,1
3939059,1303337,1
3939059,1476375,1
3939059,1649413,1
3939059,1820863,1
3939059,1993900,1
3939059,2166938,1
3939059,2339975,1
3939059,2511425,1
3939059,2684463,1
3939059,2857500,1
3939059,3028950,1
3939059,3201988,1
3939059,3375025,1
3939059,3548062,1
3939059,3719512,1
3939059,3892550,1
3939059,4065587,1
3939059,4238625,1
3939059,4410075,1
3939059,4583112,1
3939059,4756150,1
3939059,4927600,1
3939059,5100637,1
3939059,5273675,1
3939059,5446712,1
3939059,5618162,1
3939059,5791200,1
3939059,5964237,1
4435719,1131887,1
4435719,1303337,1
4435719,1476375,1
4435719,1649413,1
4435719,1820863,1
4435719,1993900,1
4435719,2166938,1
4435719,2339975,1
4435719,2511425,1
4435719,2684463,1
4435719,2857500,1
4435719,3028950,1
4435719,3201988,1
4435719,3375025,1
4435719,3548062,1
4435719,3719512,1
4435719,3892550,1
4435719,4065587,1
4435719,4238625,1
4435719,4410075,1
4435719,4583112,1
4435719,4756150,1
4435719,4927600,1
4426103,5100637,1
4435719,5273675,1
4435719,5446712,1
4435719,5618162,1
4435719,5791200,1
4435719,5964237,1
4435719,6137275,1
5263033,1131887,1
5263034,1303337,1
5263034,1476375,1
5263034,1649413,1
5263033,1820863,1
5263034,1993900,1
5320741,2166938,1
5263033,2339975,1
5263034,2511425,1
5263034,2684463,1
5263033,2857500,1
5263033,3028950,1
5263033,3201988,1
5263033,3375025,1
5263033,3548062,1
5263033,3719512,1
5263033,3892550,1
5263034,4065587,1
5263033,4238625,1
5263033,4410075,1
5263033,4583112,1
5263033,4756150,1
5263033,4927600,1
5263034,5100637,1
5263033,5273675,1
5263034,5446712,1
5263034,5618162,1
5263033,5791200,1
5263033,5964237,1
5263033,6137275,1